4xmiddle - > 252.0 [[0, 0], [274.57562948566664, 0], [540.4243723103333, 0], [815, 0], [0, 255], [483.4829444236667, 103.72619530302453], [564.7971821243336, 78.28431724944164]]
3xmiddle - > 245.8 [[0, 0], [274.5756302376668, 0], [540.4243697533335, 0], [815, 0], [0, 255], [483.1962350776667, 103.81590190821473]]
2xmiddle - > 272.0 [[0, 0], [194.852941176, 0], [815, 0], [0, 255], [250.11575723699997, 176.74292258228837]]
6xmiddle - > 251.3 [[0, 0], [270.567128577, 0], [463.3188477769999, 0], [625.0204428330001, 0], [0, 255], [426.749143147, 121.4772619601411], [597.406358907, 68.08144598615337], [642.7445835230001, 53.89586650507357], [815, 0]]
5xmiddle - > 246.6 [[0, 0], [274.57556757899994, 0], [469.42847235599993, 0], [620.147114958, 0], [0, 255], [426.2118034259999, 121.64538665812273], [587.7330947, 71.10805012453986], [815, 0]]

3xmiddle_2 - > 243.3 [[0, 0], [271.61378659666667, 27.354229363193397], [543.3135521303334, 54.71711766668792], [815, 82.078664748], [0, 255], [471.1068880986666, 155.0436415503853]]
5xmiddle_2 - > 244.2 [[0, 0], [269.662149174, 42.33751935653201], [458.59348154199995, 72.00013224338656], [623.726400281, 97.92634459809817], [0, 255], [400.27953622900003, 192.6038848227414], [576.3724572020001, 165.15428227137528], [815, 127.95669834]]

4xmiddle_claw_min- > 227.3 [[274.77695740366676, 36.856704482286055], [567.6389447893336, 76.139211375], [815, 76.139211375], [0, 255], [479.5933170916667, 184.30731611203925], [649.9631734313332, 159.19457586099998]]
4xmiddle_claw_1330 - > 228.3 [[0, 0], [269.46335936566663, 35.73555441305004], [561.3307823883333, 74.44227951799999], [815, 74.44227951799999], [0, 255], [482.4889195696666, 186.20609508139154], [656.8996630343335, 161.33838182199997]]
4xmiddle_claw_1350 - > 228.9 [[0, 0], [268.21560748666667, 34.98245362190765], [561.3312155243334, 73.212530015], [815, 73.212530015], [0, 255], [455.13652041666666, 194.78302994606088], [641.1618642743334, 170.17089258099995]]
4xmiddle_topstraight_weak - > 228.9 [[0, 0], [278.58403120566663, 0], [487.09243444333333, 0], [815, 0], [0, 255], [459.8986242696667, 124.91465475599999], [532.4413186083332, 124.91465475599999]]

3xmiddle_random_weak - > 239.8 [[0, 0], [278.58403360999984, 0], [815, 0], [0, 255], [431.120800317, 223.00385943400002]]
3xmiddle_random_weak - > 220.5 [[0, 0], [278.17665140366677, 0], [500.34047174633326, 0], [815, 0], [0, 255], [476.34833998666653, 136.62831752799997]]
trace - > [[0, 0], [278.1775157996666, 0], [500.34132281533346, 0], [815, 0], [0, 255], [474.25910762166666, 137.471219108]]
3xmiddle_random_wonky_weak - > 218.9 [[0, 0], [269.0645506876667, 57.462662533000014], [489.76743528633335, 43.994681558], [815, 86.50912917100001], [0, 255], [388.66514777966665, 219.92938185799997]]
2xmiddle_random_weak_c - > 217.2 [[0, 0], [128.92857142800003, 0], [815, 0], [0, 255], [189.17963147300006, 208.496043605]]
trace but wonky - > 214.7 [[0, 0], [121.89484784300001, 33.94703816699998], [815, 106.592825656], [0, 255], [153.44106321000007, 252.544643003]]

3xmiddle_top_adjustment_1350 -> 222.0 [[0, 0], [268.6413280006666, 0], [495.0062866353335, 0], [815, 0], [0, 255], [471.0324093056668, 151.08050503000007]]

[[0, 0], [270.5664001256667, 0], [512.3683095113335, 0], [815, 0], [0, 255], [460.0071874396667, 139.057431744]]
