0xmiddle
388.9721263308117

1xmiddle
(top) 310
(bottom) 369

2xmiddle
(top) 278
(bottom) 273

3xmiddle
(top) 248  [[0, 0], [192.50056277566668, 0], [461.08695523233337, 0], [815, 0], [0, 255], [416.320325021, 124.74026640447241]]
(bottom) 284

4xmiddle
(top) 259
(bottom) 267

5xmiddle
(top) 248 [[0, 0], [192.27539795899997, 0], [442.48823334199994, 0], [622.2779994750001, 0], [815, 0], [0, 255], [371.7186935666667, 138.69537808650307], [553.5906649343334, 81.79065084876686]]
(bottom) 258

237 [[0, 0], [192.71587592266656, 0], [503.02831537833345, 0], [815, 0], [0, 255], [373.2572852576667, 183.919660369]]
233 [[1,2], [2,3], [3,4], [4,5], [6,7], [7,8], [8,5], [4,8], [8,3], [2,6], [2,7],[7,3]]
236 [[0, 0], [246.77353154066668, -32.980912351], [516.6790301193333, -49.746955767], [815, 106.767158098], [0, 255], [271.92939835699997, 156.938030502]]
227 [[0, 0], [268.4539099676667, 3.7174300670000022], [504.1637028583333, 24.198406782999996], [815, 73.23364297399999], [0, 255], [418.23549377899997, 185.12229142]]

[[0, 0], [267.07934990466686, 33.788722578], [488.4054731493332, 14.513600796999997], [815, 74.32560092799997], [0, 255], [399.058147948, 199.48360588999998]]
[[0, 0], [268.3252443486667, 29.889734519000005], [492.0905574583333, 25.685260234999998], [815, 90.184501251], [0, 255], [407.587196358, 202.86105808699998]]
[[0, 0], [268.47628665266666, 32.349943071], [489.85591277233334, 14.857837405999996], [815, 87.16859347799998], [0, 255], [400.26530971899996, 199.104848506]]
[[0, 0], [268.1681857776667, 34.348740490000004], [490.9775594593333, 23.376566734999994], [815, 61.012657444], [0, 255], [402.8688974589999, 203.83260853899998]]
[[0, 0], [268.5440005796667, 32.774770685], [492.6867676253333, 29.478370150999996], [815, 62.22380256099999], [0, 255], [407.67275774399997, 206.19384736299995]]
[[0, 0], [267.39544329166677, 40.817536479000005], [489.7882006663333, 24.625630530999995], [815, 96.22008953699998], [0, 255], [399.48209400400003, 209.14386056299998]]
[[0, 0], [267.81208588466677, 38.389980751], [490.8556996993333, 29.855366287999995], [815, 79.54639574999999], [0, 255], [403.4067387359999, 209.56418884899998]]
[[0, 0], [266, 28], [488, 10], [815, 74], [0, 255], [394, 198]]
[[0, 0], [267, 39], [491, 30], [815, 81], [0, 255], [403, 211]]
[[0, 0], [267, 42], [490, 33], [815, 85], [0, 255], [400, 215]]
[[0, 0], [268, 37], [493, 35], [815, 85], [0, 255], [404, 215]],
[[0, 0], [265, 30], [490, 30], [815, 90], [0, 255], [410, 210]]